1280
1280
287
421525
40324
1330531
1144340
1224
562
312306
562
1144340
1330531
40324
1330531
286
303
1354302
1218169
2093744
40324
1457173
1144340
2058301
562
40324
40324
1330531
1144340
303
1280
1280
40324
1330531
40324
286
40324
1144340
287
1330531
1144340
680496
1045855
303
1144340
40324
303
1144340
303
91347
2259497
562
40324
272161
306
70775
1144340
40324
306
1144340
1812180
303
1240676
303
303
40324
303
1913961
2083051
40324
272161
2213079
1330531
1661039
76759
70775
40324
1144340
40324
303
287
1397280
1330531
303
40324
303
286
287
1144340
1144340
135621
286
286
1144340
1144340
76759
286
303
1330531
584
303
1144340
70775
1144340
286
287
1330531
345167
40324
40324
303
1938440
1330531
1144340
1144340
1144340
1144340
2563935
225991
1144340
70775
303
620
1144340
303
1144340
1330531
1219050
1144340
40324
562
80865
40324
1330531
303
225991
303
225991
1280
1144340
1330531
303
31973
40324
2202652
286
1144340
76759
1144340
1330531
1288410
49181
286
2078786
1330531
1144340
1977087
40323
76759
40324
136845
1144340
1144340
40324
303
2479854
1144340
1917019
1330531
303
562
303
1144340
40324
40324
40324
1144340
40324
1330531
29438
225991
40324
1144340
562
306
287
1144340
1144340
2259497
303
303
1144340
312306
216778
1330531
1661039
2009146
40323
1144340
1330531
390235
287
303
303
287
286
1144340
1144340
1785162
40324
196198
1144340
306
1144340
303
303
2249759
40324
1144340
303
1144340
1330531
1330531
1330531
287
1144340
2479854
40324
205922
1330531
40324
306
286
287
70775
1144340
303
1144340
303
28214
40324
1042876
1144340
286
1144340
1330531
1330531
1144340
40324
1144340
40324
2259497
1268068
1144340
303
1330531
1144340
135621
40324
303
40324
1546029
1873897
40324
1280
1197727
40323
1144340
470
225991
384676
1144340
1144340
2009146
1330531
40324
40324
1144340
237609
303
40324
1144340
1339242
70775
303
70775
40323
272161
40324
70775
40323
40324
266
40324
40324
1280
40324
1144340
1661048
512030
1144340
287
1378090
40324
2171622
1144340
40324
287
1144340
40324
286
1144340
1144340
1144340
2487930
1144340
1330531
1330531
306
40324
303
40324
1144340
40324
287
1144340
303
1330531
1144340
40324
303
1661048
1144340
562
1872122
1144340
80866
40324
1144340
1144340
562
2545632
40324
312306
70775
1236
1330531
1882437
40324
40324
303
587753
225991
303
40324
2219225
40324
1661042
303
303
562
31973
1144340
155892
40324
1236
1457173
1330531
1144340
1144340
1144340
1144340
69392
1144340
303
40324
40324
303
40324
286
1144340
562
1330531
40324
1661039
1236
303
135621
1661046
1144340
1144340
1144340
40324
40324
2072413
470
1144340
306
40324
1661048
303
40324
40324
1144340
76759
287
225991
1330531
40323
1330531
1144340
1144340
70775
562
1144340
40324
562
1330531
303
1236
303
303
2492472
86188
303
40324
306
1736583
303
40324
40324
1302241
485602
306
1144340
1546029
70775
1330531
1330531
1330531
40324
1144340
287
1882437
1144340
1144340
40324
562
1872427
195
1144340
1144340
303
40324
303
69392
225991
70775
1144340
303
287
390235
1131814
237609
303
116849
40324
40324
306
80840
1330531
303
575
1144340
40324
303
40324
1144340
562
1641707
1144340
303
40324
1330531
303
1330531
76759
303
1144340
40324
1144340
286
390235
40324
1330531
1330531
1661038
1330531
303
303
1378087
2213079
40324
1495066
1144340
40324
1812180
287
1339242
40324
40324
303
316
303
306
1457173
1144340
303
40324
2213015
2213079
303
2282124
1175925
1330531
286
286
69392
306
40324
1270
2487930
666
562
225991
40324
1352
1661046
40324
562
1330531
287
1895859
303
40324
1661039
200452
287
1330531
2479854
306
287
40324
573
1330531
40324
40324
225991
287
65406
1144340
2213015
40324
40324
286
40324
260086
40324
78327
1330531
32033
40324
1028989
1546029
1144340
286
1144340
40324
40324
40323
40324
40324
633149
135621
40324
1869212
1330531
1280
40324
40324
2093744
560405
562
562
1144340
1144340
713588
1330531
1175925
40324
562
40324
225991
1144340
2026743
1144340
70775
562
1042876
1330531
40324
1330531
303
1330531
1190415
40324
40324
40324
70775
284016
306
1378088
40324
40324
306
624
70775
287
40323
54736
292222
40324
1330531
287
1144340
286
1330531
1352
1352
40324
1144340
40324
40324
40324
287
40324
40324
1144340
2026800
317659
69392
40324
1330531
40324
86188
40324
40214
40324
1985172
40324
1144340
303
1224
562
287
40324
40324
1144340
1118157
40324
70775
40324
1330531
40324
40324
1457173
303
1330531
1144340
1144340
1224
562
40324
48936
83333
431059
286
2005046
562
303
306
303
1457173
1661039
40324
1144340
40324
1144340
180282
1378087
287
1144340
40324
40324
1232429
40324
40324
40324
225991
1144340
40324
40324
40324
306
1330531
40324
40324
306
40324
1196325
46680
562
525264
40323
286
40324
287
1463861
1144340
1661046
1339242
40324
287
1330531
1144340
194
1296669
287
2479854
303
1457173
2259497
1330531
2499852
1546029
40324
40324
1144340
670897
562
40324
33918
40324
1236
40324
286
1118156
40324
231023
40324
40324
1175925
40324
40324
1882437
1259801
40324
303
2073078
40324
562
287
1144340
1144340
1457173
77133
1224
1259801
1920191
1144340
287
1890675
286
40324
40324
303
1118156
300
654
69665
1144340
303
40324
70775
1330531
303
287
40324
70775
380021
303
40324
1236
1167641
562
69392
1330531
2026763
70775
1144340
562
40324
303
40324
287
1262663
1144340
1144340
70775
1552750
40324
40324
1581141
1871086
2303331
2420509
2022514
303
85698
287
306
562
286
744977
286
40324
2135604
1144340
286
390235
558537
40324
1144340
286
562
1144340
40324
40324
40323
562
190195
136845
303
1144340
303
40324
40324
303
197
2135604
1144340
303
303
2479854
40324
1144340
40324
28212
303
1661038
303
306
69392
2479854
1532555
287
225991
1144340
2071712
1330531
40324
286
306
40324
390235
286
40324
1144340
1330531
1144340
40324
40324
40324
40324
40324
40324
40324
1330531
1296669
1330531
40324
487706
40324
40324
40324
1759078
40324
1330531
1144340
225991
287
287
1546029
303
40324
40324
303
303
225991
303
225991
1144340
40324
287
72274
2015555
562
40324
47920
225991
40324
287
1144340
76759
40324
1144340
306
43143
80866
2008913
1144340
286
303
303
40324
1470590
40324
40324
1144340
287
287
13689
286
287
103817
1330531
13687
2161866
40324
40324
1144340
1335308
303
1775432
1330531
562
40324
1330531
1118156
40324
1236
40324
225991
1330531
766154
287
1144340
651
562
40324
40324
225991
48467
1751969
1977087
1144340
286
40324
1144340
1378090
40324
303
2583238
1144340
40324
1836045
1661039
1603291
303
2026778
306205
287
658612
562
1144340
40324
208963
2613839
43770
1388762
1882437
136845
1785162
76759
1330531
303
40324
28216
46680
1144340
146940
33882
1330531
1144340
303
78327
40324
40324
303
40324
303
562
1236
303
40324
136841
286
287
40324
1236
1144340
69392
80866
40324
40324
40324
225991
287
165438
40324
40324
2479854
1144340
40324
155892
40324
40324
1141884
303
303
40324
562
287
40324
40324
40324
40324
40324
1661046
1255616
40324
287
40323
1871071
1661039
287
78327
306
1144340
1842534
1236
1144340
40324
225991
1330531
2135502
287
76759
390235
286
390235
1144340
40324
303
286
1457173
225991
40324
2213079
1330531
40324
287
40324
157783
1330531
1144340
338
286
287
40324
1969813
40324
1144340
1215087
40324
69392
40324
1970563
72274
40324
1661046
1144340
40324
40324
287
1330531
1813182
287
40324
2056859
287
40324
286
40324
470150
1661039
287
40324
40324
287
1236
1144340
40324
1144340
1144340
40324
1986221
2015560
286
1144340
40324
40324
1144340
40324
40324
573
40324
40324
192944
2067572
40324
287
197
1144340
40324
1144340
40324
562
40215
562
2009146
2093746
1330531
2527671
40324
303
303
2479854
40324
1388762
1330531
1236
40324
2282124
40323
562
36805
1661046
40324
40324
303
1339242
32033
40324
40324
1378088
40324
40324
1661039
40324
40324
287
40324
509190
32033
40324
1144340
742013
40323
40324
40324
286
40324
294
225991
40324
2320270
40324
570
72274
1661039
40324
204925
40324
1378090
303
40324
303
287
286
273677
2479854
562
1985172
1236
2250576
1144340
1828
40324
32033
1302242
225991
2078787
287
562
40324
1478142
1144340
2479854
1144340
287
70775
1144340
237609
543
303
40324
1144340
1144340
1280
1773
287
1330531
287
1144340
1144340
40324
69392
287
70775
40324
1390395
2615210
1661039
54291
306
287
433924
543
573
1895850
1330531
2093744
1871053
1144340
1352
1352
303
40324
1144340
1802016
562
287
1549858
225991
574
1144340
470
1330531
587753
225991
2078787
225991
40324
40324
78327
1828
96563
2078785
1218169
1144340
1330531
1628084
286
40324
562
40324
1768806
40324
40324
562
286
1880703
40324
398578
303
1985172
1330531
287
316
2072414
40215
2320864
40324
287
1144340
70775
40324
1122188
562
1144340
287
40324
287
40324
391008
303
303
225991
1203635
287
40324
158836
1185650
1330531
180282
40324
40324
1895784
40324
80865
303
1144340
40324
1218169
287
1330531
1330531
40324
40324
1604022
40324
2219696
2083051
1144340
13687
40324
286
287
1985172
80866
287
1661055
1330531
1144340
40324
13687
303
40323
40324
286
1735689
1144340
286
135621
2593304
1515439
286
40323
303
562
225991
624
74313
40324
40324
40324
40324
40324
1889775
1906854
306
562
303
40323
40324
2483355
40324
201174
1330531
76759
48
1144340
40324
1970429
287
286
287
287
1304
70775
562
225991
543
562
40324
1977087
59201
287
1610489
287
180282
40324
470
40324
1882437
40324
1144340
1144340
76759
286
303
1457173
287
287
287
1144340
2026800
40324
1718920
225991
197
1860123
648
575200
287
40324
350
1661038
40324
40324
562
562
40324
303
1144340
1661039
1236
77133
1123357
1028989
287
225991
749527
1229204
287
1330531
679202
40324
40324
1144340
1457173
1144340
287
2527671
1871071
1224
225991
287
1330531
1661056
293
303
303
1144340
1661048
1224
1296669
196869
287
40324
40324
1330531
77133
40324
40324
303
1118156
40324
303
287
40324
40324
2607496
40324
1330531
1333853
40324
287
1144340
69392
40324
225991
1144340
303
40323
303
286
40324
303
32033
303
303
1144340
40324
1144340
2530384
1330531
40324
40324
28901
303
1144340
48
1144340
287
1144884
40324
40323
562
40324
287
40324
303
303
287
1661046
40324
1183154
40324
1144340
1144340
40324
1144340
70775
70775
40324
303
1378088
1144340
2563901
40324
287
1736226
197
287
40324
1330531
40324
676599
1981714
303
272161
470150
40324
80865
1144340
287
1236
287
1144340
286
287
1330531
40324
1330531
1144340
1144340
1144340
197
562
303
40324
40324
1217722
1144340
40324
303
1144340
1661039
287
40324
1661043
40324
303
620
1144340
1330531
158836
1224
1144340
2083052
40324
157783
1302241
76759
2303750
40324
287
303
1236
300
40323
1144340
40324
225991
1144340
40323
303
40324
1144340
303
40324
391601
1144340
1330531
1118156
1390395
1478142
1144340
40324
40324
40323
1661034
40324
40324
40324
1208660
40324
1981745
1028989
303
40324
1144340
1747
1144340
32033
40324
1871070
1042209
303
40323
40324
40324
391601
1144340
1330531
1144340
40324
303
1144340
1785162
85698
303
1330531
1144340
1144340
70775
40324
303
306
286
1118157
1871053
40324
1144340
2093746
1330531
1330531
562
391601
70775
40324
1546029
2078786
40324
2479854
1457173
1330531
40324
1144340
76759
1144340
872331
287
303
40324
40324
286
391601
287
40324
287
287
1833
40324
1144340
306
164330
1144340
40324
1661046
40324
562
303
303
70775
1330531
40323
1330531
40324
40324
40324
1144340
658612
303
40324
303
1144340
40324
40324
1330531
1280
1280
1280
1280
1144340
287
70775
303
40324
40324
1661045
303
1661048
40324
303
1144340
303
77133
303
1384061
287
1144340
40324
1736226
1144340
303
286
1330531
286
286
40324
40324
76759
69392
2527671
1144340
312306
303
1144340
40324
40324
40324
303
40324
1330531
1144340
2282124
1144340
1457173
40324
1236
1751969
1144340
1144340
40324
40324
40324
197
225991
40324
40324
80866
40324
32033
303
303
40324
1144340
562
40324
1330531
2038386
1535632
40324
303
303
2213015
2183926
287
562
40324
2593958
286
1330531
1330531
286
1144340
1144340
287
70775
1330531
40324
1144340
303
317
40324
1144340
286
287
40324
80866
40324
40324
1825979
70775
1144340
303
2083051
287
287
1144340
1661040
40324
1144340
40324
69392
1144340
287
40324
303
287
390235
272161
1882437
40324
1224
69392
2048282
40324
40324
40323
69392
2479393
1661046
1144340
1330531
287
303
303
303
1144340
287
1478142
303
1259801
303
1280
40324
196159
40324
1144340
2479854
40324
1144340
1378088
225991
303
1144340
48
303
40324
40324
1330531
1330531
1661046
70775
303
40324
1969813
1144340
1144340
1144340
303
1144340
1330531
1981736
1907371
286
135621
562
1940636
1812180
40324
391008
1661046
40324
1144340
78327
287
69392
287
40324
1144340
2015575
1050720
2640670
40324
256466
85698
285
40324
303
86188
40323
286
1330531
40324
40324
225991
70775
40323
1330531
470868
1144340
391601
40324
40324
13687
623
1785162
562
40324
1330531
303
470868
40324
40324
303
40324
40324
1144340
70775
672
40324
303
40324
86188
272161
1236
1223542
180282
2484252
2303750
1144340
287
286
40324
1144340
225991
40324
1330531
1144340
78327
1144340
40324
40324
1457173
1144340
40324
40324
1288410
38288
1435058
1144340
78327
1330531
40324
69328
384676
303
225991
1330531
135621
303
390235
225991
40324
72274
303
303
1306993
984195
287
40324
40324
306
40324
78327
40324
1144340
40324
40323
40324
1144340
1378090
1144340
303
40324
312306
286
562
995085
40324
1144340
287
287
303
1236
76759
287
1259801
225991
40324
40324
1144340
303
266748
286
286
1144340
286
40324
40324
303
40324
157782
2219696
40324
93064
562
1144340
562
1144340
562
1118156
2259497
1144340
76759
2213078
1144340
2511025
1144340
546
40324
1144340
1144340
303
40324
40324
287
40324
2013713
1396
180282
40324
303
40324
74315
2093744
306
70775
562
303
287
2026763
40323
40324
69392
1144340
69392
69392
40324
1196325
40324
49181
287
665550
287
1397280
86188
2056859
1986221
1144340
286
1330531
1118156
287
40324
550
2137479
70775
2213078
1330531
1144340
40324
303
40324
286
287
40324
1661046
1985172
70775
40324
1144340
1661056
1144340
40324
251701
33051
1882437
303
2009038
225991
40324
1457173
303
40324
225991
1330531
2033
287
40324
40324
40324
1144340
2175006
562
562
228925
287
40324
303
1144340
40324
303
80866
286
76759
470150
40324
287
40324
286
1144340
40324
40324
1236
1330531
286
303
2500527
69392
303
287
1258920
34004
1144340
40324
306
286
40324
40323
40324
306
1144340
40324
2026800
69392
40324
1785162
40324
40324
562
40324
1813675
1751969
562
80866
40324
286
287
40324
40324
286
2603893
287
155892
562
2083051
303
287
1144340
876364
754093
40324
1330531
40324
1144340
1236
303
2171975
1144340
40324
40324
286
40324
287
69665
470
72274
287
192
1236
2080419
95486
1144340
1144340
70775
2479854
1118156
1144340
286
40324
1661040
303
286
303
69392
1144340
85698
287
1280
1144340
40324
287
1801944
69392
40324
287
1330531
80866
1236
40324
562
225991
40324
303
40324
40324
1330531
78327
40324
1045010
40324
1144340
2213015
1005395
1144340
40324
40324
40324
1280
2183926
2502205
40324
1872122
40324
1661039
487698
135621
1330531
1144340
303
40324
40324
1224
1144340
286
306
287
2144185
40323
33051
70775
40324
1144340
287
69218
40323
287
225991
303
1785162
286
40324
225991
40324
40324
40324
219182
22
82380
1457173
40324
287
1330531
1118157
40324
40324
286
1736226
1144340
303
1330531
69392
40324
1330531
470150
1144340
562
1388762
196159
1302548
40324
40323
80882
1144340
2213015
40324
303
78327
562
286
225991
70775
1118156
1751969
40324
303
225991
487
286
1031594
323620
287
1144340
1457173
562
390235
1144340
40324
40324
70775
40324
286
391953
2055946
1144340
286
1659194
40324
225991
40324
40324
40324
1457173
40324
40323
303
40324
303
237609
766150
306
40324
2170734
562
70775
1488328
1330531
287
1144340
588932
13687
272161
1661046
303
1144340
1144340
320912
287
303
40324
180282
1236
1432547
1236
1330531
584
287
287
1330531
303
2023151
33918
1236
40324
1636605
272161
40324
1609637
40324
40324
68895
316
40324
135621
40324
286
674054
70775
40324
40324
1001822
1144340
287
303
40324
306
1144340
1457173
287
69392
40324
303
2045451
2013803
303
40324
287
287
40324
287
287
2530385
303
1330531
32033
40324
543
306
306
286
1797234
40324
40324
303
286
40324
303
1144340
303
2175006
1457173
287
40324
1495066
571
303
1985172
135621
1144340
1628084
68895
1549858
287
287
150172
40324
1661039
40324
40324
287
40324
303
2005046
40324
40324
1833
70775
40324
40324
562
256466
40324
286
1751969
287
40324
40324
40323
40324
287
40324
48
294
225991
287
1812180
296
1144340
256466
40324
40324
1457173
40324
303
2015566
1661039
287
1144340
294
36861
562
1144340
303
40324
306
1352
40324
2211160
1144340
303
1330531
391953
287
40324
40324
40324
1144340
295428
286
1296669
303
303
40324
766147
40324
2545454
2282216
239
470150
40324
562
558537
1144340
1330531
1144340
1144340
40324
1330531
1661039
303
312306
303
1881042
1725
287
40324
1144340
1236
77133
1609637
1144340
1144340
287
303
40324
287
1236
562
237609
1871086
562
1457173
287
1144340
225991
69392
303
40324
225991
2135604
286
40324
1978231
40324
562
1388762
1144340
1330531
40324
562
137708
40324
40324
1330531
78327
40324
1985172
1397280
40323
1985172
287
286
633
40324
293
1457173
562
225991
562
1223565
40324
1860101
298163
2282124
2133946
2006091
1144340
1378088
562
1144340
303
287
1978350
40324
287
40324
1144340
1661033
2078787
629261
2562153
303
303
287
303
287
1144340
303
1144340
1144340
40324
1546029
1926873
1986221
287
303
303
306
40324
1751969
225991
287
2013741
303
390235
390235
286
40324
2219225
225991
1144340
1736226
306
2093744
40324
1661040
303
1125977
69392
2183909
286
1144340
1144340
1330531
40324
1144340
40324
1661046
1224
1144340
1330531
1661039
286638
1236
40324
303
1118156
40324
1748967
1330531
1144340
1913989
1144340
1661046
40323
40324
1330531
1330531
40324
378211
287
303
2083051
1330531
1747
1144340
303
40324
1330531
1330531
40324
303
1144340
1898956
40324
562
1378088
1218169
40324
135621
303
303
303
1330531
40324
1144340
303
562
1144340
303
1144340
487706
287
303
1144340
1330531
40324
1236
1144340
1144340
40324
1144340
306
1144340
287
287
40324
303
1330531
1144340
1330531
303
1144340
1236
303
40324
287
2070590
306
40324
1224
40324
40324
286
1144340
1144340
2213079
287
80864
1144340
40324
1144340
40324
1148509
40324
287
286
1144340
40324
40324
1144340
1144340
1641707
287
40324
1896671
1736508
40323
303
303
303
40324
40324
40324
562
1144340
40324
40323
573
294
1388762
32033
225991
1144340
70775
1751969
40324
303
390235
40324
384676
287
40324
1283291
2613840
2135604
287
287
306
40324
40324
303
287
40324
303
272161
562
1330531
40324
40324
1144340
40324
40324
303
562
2078787
306
562
32033
303
287
303
287
136845
1144340
287
69392
1144340
40324
2259497
40324
40324
272161
40324
303
303
287
1891238
40324
306
40324
1338689
1144340
287
1144340
1236
287
1457173
29438
40324
1330531
40324
303
76759
1330531
69392
1330531
40324
2056859
40324
1566271
287
562
2259330
59201
40324
40324
1502775
287
40324
40324
40324
40324
287
303
40324
40324
40324
40324
287
40323
1144340
40324
1661039
29
70775
1144340
1236
562
287
1985172
287
303
562
1144340
286
1280
1330531
1144340
225991
40324
122355
272161
40324
1144340
1333853
1144340
1546029
40324
2487930
1144340
1628084
287
40324
1144340
40324
303
1144340
1144340
40324
303
40324
286
1144340
1330531
1661055
1283291
303
1144340
46677
286
1144340
2072414
70775
40324
562
1144340
1196325
40324
1144340
1144340
286
2492662
1330531
294
40324
875330
1224
303
1236
294
40324
40324
286
562
1144340
40324
390235
287
1144340
40323
477680
1661040
1144340
40324
287
1144340
303
1144340
303
1330531
286
762376
306
40324
77133
1144340
69392
303
303
1144340
1906854
1144340
1144340
487698
2009146
40324
1236
40324
287
40324
1546029
40324
40324
2072412
40324
40324
1175925
287
31973
303
286
2015566
237609
286
40324
40324
40324
1144340
1978525
40323
1378088
204
303
303
306
2562316
287
1871053
1906854
40324
1144340
1330531
70775
1330531
40324
1330531
40324
1144340
272161
287
303
303
40324
390235
40324
1330531
303
303
2075558
1661046
1330531
76759
287
303
1144340
78327
1913989
1330531
303
40323
135621
303
40324
80840
306
2175006
1384060
32033
1144340
40324
1144340
306
1144340
13687
40324
1144340
303
1288410
78327
1144340
1969813
390235
40324
1330531
303
303
40324
208962
1144340
1661039
40324
40324
2213015
1457173
1144340
40324
1690214
303
1378087
285
40324
550
287
1330531
40324
40324
40324
80882
2083051
40324
201174
40324
1144340
1144340
2282124
1914540
40324
1457173
1144340
28901
1144340
562
1144340
1144340
286
303
86188
303
303
287
1144340
562
40324
286
391601
562
40324
1581141
40324
1144340
1144340
287
40324
303
1785162
40324
286
287
287
1144340
306
225991
1144340
72274
1457173
1833
1144340
1144340
40323
562
69392
135621
562
40324
195
303
303
40324
287
1118157
1144340
40323
1833
86188
40323
287
40324
40324
2135485
69392
303
1378090
1144340
40324
390235
2203419
748831
1384061
135621
225991
286
40324
303
40324
1661046
40324
40324
470
1981714
1144340
1236
40324
40323
40324
40324
40324
1144340
40324
40324
40324
40324
303
1661046
1296669
2259497
80866
40324
303
70775
40324
40324
303
225991
1144340
40324
287
303
2213079
1236
294
1144340
40324
1144340
40324
1619948
40324
562
562
287
303
40324
2510797
1144340
512030
303
94627
1432555
1144340
562
40324
562
303
40324
1144340
1661038
303
303
390235
1661045
1330531
1144340
40324
562
225991
40324
287
1661046
303
303
40324
287
40324
358
1661045
511
2496640
1144340
256466
1258920
1330531
1144340
40324
40324
1661048
1872437
1144340
1330531
1546029
1546029
40324
40324
326475
1478142
286
40324
303
286
303
1144340
303
59201
1144340
40324
40324
1144340
13687
40324
76869
225991
2213015
40324
28211
165438
40324
40324
287
1378088
40324
40324
40324
287
40324
225991
225991
287
1330531
303
136845
286
40324
40324
40324
1330531
40324
70775
40324
1330531
287
1827299
1144340
1298856
303
294
1661045
34073
303
1302243
287
562
303
40324
40324
40324
146938
40324
40324
1330531
1661038
1768774
40324
303
1350465
1378090
40324
40324
1241979
32033
1909294
515393
40324
1330531
40324
69392
69392
562
155892
40324
1661034
70775
1523418
453836
1144340
562
136857
1144340
272161
303
1236
1330531
1330531
286
78327
287
194
286
69392
225991
1636610
40324
40324
1144340
40324
1196325
303
1330531
562
40324
390235
390235
40324
1330531
1661046
225991
40324
1224
1144340
40324
2135633
306
306
1771311
2072412
2211160
1871071
286
40324
40324
562
40324
40324
1144340
303
40324
286
1144340
562
40324
1144340
1833
1871071
408
562
40324
1457173
306
1144340
303
69392
303
1397280
1144340
40324
1144340
76759
40324
40324
1236
28901
80866
1661046
1181886
40324
136843
1144340
225991
40324
2056231
562
1661049
40323
40324
225991
1144340
1457173
40324
225991
40324
69392
1144340
1118156
40324
40323
40324
40324
70775
303
562
40324
287
390235
562
194
40324
40324
2547400
1871053
40324
303
40324
40323
40324
29442
1144340
303
40324
1848616
1855305
384676
1581073
303
1144340
2485127
303
286
40324
135621
2320270
287
40324
1144340
1842539
1119528
40324
40324
1891238
40324
1378090
48
1986221
2083051
303
1144340
1144340
303
40324
303
77133
351746
287
1144340
40324
1661039
40324
272161
287
40324
1457173
551459
1144340
1330531
1144340
1144340
225991
2219225
391008
335284
1224
303
40324
2030806
562
40324
69392
287
1302241
1330531
1144340
82633
1236
69392
2213015
1812180
135621
303
1330531
300
287
1871086
1871071
286
303
1144340
1876757
40324
303
128780
13689
40324
40324
303
1457173
1961362
303
1144340
303
1331671
1636610
40324
291331
40324
287
1661046
1457173
562
40324
225991
1144340
48
286
1751969
964
48
683083
1882437
40324
1144340
286
40324
2015565
1871053
312306
303
1144340
1785162
1330531
1144340
1144340
1801944
1224
2048898
286
1218169
303
40215
216778
575587
78327
287
225991
304207
40324
562
1546029
40324
1218169
306
1276755
40324
40324
1641707
1432555
1748967
40324
85698
1468410
391008
80866
70775
227290
78327
287
78327
303
562
316
562
69392
1330531
2015555
303
1661040
303
40324
1330531
78327
303
70775
40324
303
1144340
1144340
303
33917
1397280
1330531
286
1236
225991
264458
303
1118156
70775
562
1330531
303
80866
40324
40324
1871086
287
40324
54067
1144340
287
562
1240676
190650
1240676
470
287
1985172
1144340
40324
40324
40323
287
40324
1330531
1144340
40324
1144340
1224
303
2175006
562
287
1144340
1661039
287
303
2175006
264459
303
40324
470
562
561
225991
1144340
287
1144340
1751969
78327
1144340
303
303
1280
59204
69392
40324
1144340
40324
287
80865
1969813
40324
2643062
286
40324
225991
1236
59203
129137
40324
286
303
1144340
2083051
40324
287
225991
225991
287
334542
645616
135621
1661039
1144340
69392
287
1660152
40324
286
1144340
2116542
180282
1176649
40324
287
1144340
40324
1176649
1661038
286
287
1144340
2026780
40324
1144340
69392
70775
84292
40324
287
2267882
70775
40324
1144340
70775
562
1144340
1378088
40324
1183154
40323
32033
1144340
1661046
1118157
40324
294
1144340
2056859
390235
286
303
1378088
1872480
487698
303
1144340
40324
287
40324
199592
303
620
287
470
48
225991
40324
1236
40324
562
287
1144340
287
1144340
1144340
1330531
303
2175006
1661055
1969813
562
1330531
40324
286
40324
378211
287
1144340
1144340
1224
1144340
40324
1457173
40324
1144340
40324
287
303
1118157
562
2015576
287
303
1144340
77133
380021
1144340
303
1797616
303
1457173
562
32033
1218169
13687
306
2056859
303
286
86188
40324
316
287
69392
225991
40324
287
303
2183909
287
1144340
1390395
562
201174
562
2161823
287
562
72274
287
70775
287
40324
2213015
61015
1985172
562
287
2026801
73029
1144340
40324
624
1834085
1330531
623
303
2530386
40324
1236
1236
1747
287
1144340
1872437
1747
2072410
1871066
287
33069
306
1224
1432547
561
40324
70775
1144340
298
2099695
470150
287
1144340
1661046
303
584
303
303
157782
399497
287
1144340
303
95486
1546029
344881
2479854
312306
40324
303
287
1144340
70775
562
303
1330531
287
40324
40324
1224
287
1330531
1236
303
1118157
287
287
40324
1144340
40324
69392
1785162
80866
303
1905334
225991
390235
40324
40323
69392
1144340
1236
1457173
40324
1144340
40324
303
287
272161
1144340
70775
1661045
1871070
1144340
76759
2078786
303
1330531
287
69392
1224
40324
1985172
1240676
40324
1144340
1144340
1144340
216778
2259497
390235
40324
40324
1144340
69392
1144340
1378088
1661039
1330531
225991
40323
1825979
40324
1661038
40324
1144340
78327
1437310
558537
40324
40324
40324
1330531
1224
287
1330531
1429916
2144185
303
40324
40324
1661046
1028989
180282
40324
40323
1661038
303
303
40324
1330531
695939
553385
2013748
40324
306
1747
306
13687
1144340
303
1144340
40324
303
2479854
225991
32033
286
1192054
1457173
1144340
1144340
1144340
1330531
287
40324
69392
70775
135621
287
135621
303
40324
40324
40324
2584942
1236
682998
1661039
225991
2093744
40323
1457173
1144340
562
286
2282216
562
40324
40324
40324
40324
287
69392
562
378211
40323
1240676
1144340
1144340
286
287
40324
40324
1661046
2026763
317
287
287
1330531
2078787
1330531
1384061
303
303
1661046
287
303
2219225
1144340
1144340
303
70775
306
293
1661038
1330531
1144340
69665
1144340
40324
1144340
40324
562
40324
1457173
2494248
1330531
1330531
1330531
194
1283291
40324
225991
1144340
40323
40324
303
40324
135621
1333853
48
40324
562
287
40324
2070644
40324
1330531
40324
2045451
225991
1144340
1144340
1891238
303
2499835
287
562
1378090
1144340
1302243
303
286
287
40324
287
40324
1144340
70775
1283291
40323
1378090
40324
2213079
40324
1856685
656414
1330531
303
1144340
40324
1546029
303
225991
1330531
40324
40324
303
1144340
1144340
2640670
1330531
561
1144340
303
40324
1981676
303
40324
40324
287
237609
287
40324
303
286
2135604
40324
40323
1330531
287
1301098
69392
1330531
303
40324
1241979
1144340
40324
2070681
287
70775
287
391601
40324
303
1330531
303
40324
303
287
2183909
1871053
1144340
1144340
40324
1144340
1144340
70775
86188
303
59511
135621
287
286
70775
76759
1197727
180282
1144340
1144340
303
40324
40324
303
40324
2104
1196325
303
287
40324
303
286
303
40324
1144340
2479854
1144340
303
303
287
1236
1330531
40324
225991
1330531
1144340
2217867
1661046
1144340
237609
562
470
1240676
40324
303
287
562
1144340
562
1661038
1330531
1144340
40324
40323
225991
1198456
1144340
306
225991
1236
40324
303
2013805
1144340
1330531
40324
40324
470
303
40324
1985172
135621
1144340
1330531
40324
303
194
1144340
40323
287
378211
2594003
1860123
287
2555724
1144340
294
136845
287
1457173
286
2024894
303
287
40324
2485166
286
306
40324
40324
40324
40324
40324
2170735
592376
40324
40324
2056865
303
289370
317
40324
913241
303
197
303
303
40324
1388762
1144340
562
303
303
287
69328
1330531
40324
40324
303
2078787
286
303
1457173
1144340
1144340
40323
40324
1236
1330531
40324
40324
286
1224
1118156
69392
287
40324
1218169
1224163
40324
303
1196325
746033
1330531
303
1118156
563797
1457173
1378088
1224
470150
362547
666
2487930
40324
2479854
306
77133
1330531
225991
2083051
40324
306
287
1144340
1914540
1144340
286
303
40323
350
1330531
225991
40324
2072410
286
199592
1118156
40324
272161
1732569
70775
70775
1330531
286
40324
287
40324
1457173
40324
1144340
40324
1661054
80865
40324
1144340
287
40324
2479854
1144340
1325724
1495066
303
70775
573
76759
562
225991
287
69392
1144340
1577690
1330531
1330531
1330531
303
40324
70775
1330531
1457173
1144340
1144340
1144340
1144340
40324
286
1736361
1785162
1144340
286
40324
40324
2563922
40324
999931
1661046
40324
40324
2563935
40324
40324
2563958
40324
85698
237609
287
1981711
40324
1144340
225991
40323
1144340
287
40324
40324
1661047
272161
415849
303
562
1736505
303
1896671
33051
78327
1144340
1330531
1661039
1986995
303
237609
40324
40324
1224
287
2054914
562
1144340
1785162
40324
31957
470
40324
883078
562
40324
1224
40324
303
1144340
303
40324
40324
40324
40324
78327
558537
1661044
1432555
1118156
225991
40324
1144340
287
303
40324
1144340
303
287
40324
40324
1661039
303
287
40324
629261
1144340
40324
624
40324
40324
40323
1330531
40324
165438
40324
390235
1144340
40324
40324
1330531
40324
40324
1144340
1144340
225991
40324
562
1907391
287
1144340
287
1933777
40324
303
40324
287
2083053
1144340
1134687
1144340
40324
562
122
303
225991
1330255
287
1236
1330531
40324
1144340
1144340
1457173
195
1330531
40324
40324
225991
1661045
1144340
43263
40324
2026735
40324
287
286
40324
303
40324
40324
78327
225991
1144340
76759
1144340
40324
1378088
69392
1697053
562
562
286
40324
287
303
758826
1871086
658612
384676
40324
2078786
40324
1144340
390235
32033
1144340
1457173
40324
1144340
562
40324
86188
286
1411316
1735683
135621
1144340
286
1144340
294
1882437
562
1118156
40324
70775
658612
40324
1615674
1144340
40324
1144340
562
1330531
1330531
1144340
2170735
1641707
70775
303
303
286
1463662
40324
287
40324
287
1661039
1768
40324
1144340
40323
40324
1661040
40324
562
40324
1144340
1144340
303
2078786
306
40324
303
562
1144340
40324
1330531
40324
40324
40324
648885
1661038
306
306
287
1144340
40324
2056858
303
287
40324
303
40324
562
225991
40324
40324
40324
40324
287
1330531
303
2067572
194
562
40324
391953
1871070
40324
1144340
40324
47877
53410
286
287
40323
40324
1218169
287
40324
1457173
70775
1236
40324
1236
562
40324
1224
562
1546029
287
287
40324
40324
40324
1909294
225991
1661046
287
47885
1144340
1144340
40324
40324
1661039
286
165695
69392
40324
1144340
13687
1969813
378211
1330531
287
40324
40324
1144340
1296669
1378090
286
1330531
40324
47880
40324
1844093
40324
40324
1530123
40324
303
303
1330531
69392
1268068
40324
40324
40324
40324
303
1144340
40324
2213078
1240676
69392
2083051
294
303
306
40324
1330531
40324
2217867
225991
562
306
303
225991
69392
303
303
2219696
562
32033
294
1144340
40324
225992
1457173
287
225991
40323
70775
1259801
40324
1144340
303
1965277
1144340
287
69392
40324
1224
303
562
1661039
180282
136857
40324
303
562
40324
1144340
303
40324
40323
1144340
1144340
40324
80866
40324
287
40324
40324
1330531
40324
40324
1144340
303
1144340
1330531
32033
1261630
1969813
1144340
169134
287
528
80864
40324
1701910
2067572
286
1046115
303
2175006
48
642
40324
294
1457173
40324
562
40324
287
1661039
1891224
225991
40324
306
40324
303
1296669
562
1661046
272161
76760
1144340
40324
2008913
1898112
287
40324
1302242
40324
287
40324
80882
40324
76759
61015
303
408
287
40324
40324
40324
1909294
40324
287
562
40324
40324
1296669
1797588
303
32033
287
1144340
287
287
303
1144340
40324
287
40324
225991
303
40324
294
40324
1969813
40324
70775
1330531
287
76759
40323
80866
1144340
40324
1330531
2072406
106648
303
562
40324
1144340
408558
303
286
2607496
1144340
40324
624
237609
1739114
40324
1330531
1970552
2006980
303
40324
40324
306
1330531
1660128
40324
1390395
40324
225991
287
40324
1273
40324
1969813
1378088
303
135621
1144340
40324
40324
1457173
180282
40324
2219696
158836
180282
1330531
40324
573
32033
225991
70586
160488
562
303
573
390235
303
40324
40324
2219696
1144340
41275
40324
306
1457173
303
1736226
1144340
70775
1224
40324
1470591
40324
1502852
1144340
286
562
40323
285
40324
40324
562
287
40324
61015
359110
40324
119602
303
40324
470
40324
272161
1330531
2219225
303
1144340
40324
80865
562
2579977
1118156
1270
1144340
40324
303
1236
303
883100
470
2015555
2213079
2026763
1871047
303
303
40324
40323
1144340
1661056
287
303
40324
40324
543
2035246
286
1801944
40324
32033
40324
1333854
36746
979970
863372
287
40324
1144340
40324
40324
1457173
562
303
40324
287
624
32033
384676
1985172
103855
1144340
225991
1144340
1144340
303
303
40324
391601
1176649
47878
1302243
40324
303
1330531
1144340
303
303
2078787
40324
2067960
1144340
1330531
1871070
40324
1432547
303
2259497
562
1236
1236
40324
1920191
85007
69392
286
40324
1330531
1118156
1224
1144340
1661046
287
29382
80878
1001822
1330531
1661039
69392
1969813
287
40324
2026778
40324
1144340
1144340
303
468
2219225
40324
286
40324
40324
69665
70775
306
287
287
1608996
1144340
1833
1909294
40324
1330531
1144340
1144340
40324
1330531
303
40324
1330531
1144340
287
1378088
303
231023
2100
40324
40324
1144340
303
1495066
287
1330531
40324
40324
303
1144340
1144340
1144340
1144340
286
1330531
1144340
40324
1236
1457173
1144340
1144340
71999
287
1661046
76759
1330531
303
1736226
2183909
303
40324
2213079
40324
303
287
286
287
40324
225991
1144340
303
1969813
286
1330531
1144340
40324
40324
1661034
1330531
40323
562
1747
40324
1144340
1330531
287
287
1330531
286
1802019
1005395
562
1144340
70775
40324
225991
40324
1537702
1330531
1144340
40324
40324
286
303
286
40324
1871043
1144340
40324
1330531
1330531
196164
1144340
40324
40324
40324
40324
40324
334542
287
225991
1661039
1882437
390235
1478142
1869297
287
1144340
1144340
303
470
40324
69392
1144340
303
303
303
1330531
1871086
2083051
40324
1330531
2078787
40324
1913988
303
40324
2259497
1118157
40324
40324
1986221
1144340
40324
303
2015555
40323
1144340
1378088
1144340
1378090
1160710
78327
40324
40324
303
1661039
1144340
2219696
2013577
40324
1661039
32033
1273
40324
40324
40324
1330531
40324
40324
1144340
70775
562
1330531
1144340
1144340
287
1269
2083051
1236
40324
40324
38286
40324
40324
303
303
40324
1546029
1144340
40324
1236
562
1330531
287
225991
40324
1144340
287
40324
1330531
562
286
40324
1330531
286
40324
287
2305445
225991
2116541
562
40324
40324
225991
1330531
40324
32033
40324
1144340
303
40324
303
40324
40324
562
1144340
1933777
303
1586081
303
1330531
64187
1144340
948
1144340
40324
303
286
40324
1144340
1330531
1825979
287
303
40324
287
1330531
1144340
1661046
1144340
157782
1144340
1144340
1144340
40324
1144340
40324
2060418
562
883078
1661046
306
40324
1144340
287
287
2006091
1378090
40324
33049
2219225
1144340
1330531
1196325
1144340
287
40324
155892
40324
2083052
40324
562
40324
69392
1144340
1330531
286
40324
1144340
1144340
1306993
76869
40324
1144340
1888168
287
2026763
1144340
287
1661047
303
286
303
562
225991
40324
40324
1330531
1144340
303
358
40324
40324
1915389
50259
40324
70775
303
78327
287
391601
303
225991
303
1144340
562
1661039
76759
40324
1985172
1144340
550
286
303
286
2202652
562
1144340
40324
2078787
40324
287
40324
1144340
40324
1661061
1144340
303
303
287
1546029
136845
1144340
40324
40324
303
40324
1144340
287
86188
225991
40324
303
48
1330531
40324
40324
40324
1236
1144340
562
40324
40324
225991
287
40324
40324
1495066
553
286
303
1224
303
2026800
287
86188
1144340
562
1785162
40324
40324
40324
1144340
272161
40324
1330531
40324
378211
1236
1144340
433838
158836
1144340
1661039
1330531
40324
303
40324
1144340
1661046
40324
197
69392
40324
384676
2175006
1330531
40324
303
390235
40324
287
40324
1457173
40324
1907403
1118156
1330531
40324
40324
40324
303
1457173
1330531
1144340
40324
40324
40324
1330531
1330531
40324
1144340
40324
1495066
157782
40324
76759
40324
40324
40324
287
40324
40324
1457173
1144340
303
40324
569
286
40324
78327
1296669
287
40324
1330531
40324
1785162
70775
70775
287
69665
287
1852794
306
40324
543
1144340
2202652
1747
1144340
390235
303
77133
1144340
1546029
40324
286
1118156
303
40324
40324
562
2219696
1330531
40324
40324
69392
40324
70775
1736574
40324
40324
40323
40324
1273
78327
1384061
303
40324
40324
287
29438
40324
40324
1144340
303
390235
40324
303
40324
1144340
40324
286
1577051
1144340
303
1144340
354242
1330531
48
1330531
1330531
40324
40324
1378088
571
1302308
40324
558537
271
286
2044462
303
1144340
1144340
303
1167641
40324
562
40324
40324
1211322
766154
1144340
562
562
1330531
40324
40324
40215
40324
306
237609
584
40324
306
2213015
40324
40323
40324
1330531
225991
40324
80865
225991
1144340
1144340
303
40324
69392
1144340
40324
1144340
287
194
1175925
225991
303
287
40324
56811
1144340
40324
40324
1236
562
40324
391601
1236
40324
306
40324
1144340
378211
40324
303
251701
1236
40323
287
287
1144340
573
1330531
2083051
1773
226910
1330531
1661039
287
1883
80864
40324
624
80866
40323
1144340
293
658612
303
287
225991
303
1378088
40324
303
1144340
40324
303
40324
1144340
1283291
40323
2083051
286
40324
1802009
1330531
1144340
40323
1218169
742013
40324
40324
40324
1144340
40324
225991
40324
303
1224
562
1144340
287
1457173
303
40324
86188
303
1330531
303
40324
40324
2009002
1330531
562
2562316
225991
303
158823
40324
287
287
2213015
287
303
287
2004649
76759
287
390235
318
40324
69392
40324
225991
80878
1224
80866
40324
158836
1224
40324
2070571
1450524
78327
562
1661039
1330531
1330531
1718920
1825979
2009002
40324
286
1144340
40324
40324
1661045
2320867
225991
40324
2259497
303
306
303
287
40324
40324
1118156
303
1144340
286
1144340
303
1144340
48
287
562
1144340
286
562
40324
1144340
562
287
1296669
1457173
287
1144340
40324
1144340
1797552
1118156
1144340
1144340
1330531
40324
1812180
562
1457173
562
390235
40324
2591634
40323
40324
40323
40324
287
2022747
1661056
40324
1144340
2219696
303
1330531
287
1532555
287
2056859
1144340
169292
312306
225991
80865
40324
303
69392
40324
231023
562
40324
1144340
1985172
180282
1144340
1330531
225991
76759
1076937
1546029
1661045
2547600
1028989
1167641
562
40324
287
303
1296669
306
40324
1144340
80866
40324
40324
2213015
1144340
622
197
80866
1144340
69665
40324
286
562
562
40324
1259801
225991
40324
1144340
40324
40324
1144340
1144340
294
378211
40323
1302242
2576829
40324
287
225991
1871043
2033
1977087
1330531
13687
1667
37915
766138
70775
40324
1144340
287
1330531
40324
303
287
316
40324
1144340
562
40324
1141890
1330531
40324
1144340
237258
225991
40324
1296669
40324
287
1265489
40324
40324
1144340
225991
1224
358
225991
287
1661039
1330531
303
287
1330531
129137
1240676
40324
225991
1661046
40324
390235
287
1609637
1330531
1797552
196159
40324
872331
1144340
40324
562
712411
40324
861270
1144340
48467
1144340
40324
287
286
287
287
2213015
40324
287
1330531
1768765
286
287
2315688
1144340
1144340
287
1330531
1118156
287
40324
562
40324
1478142
620
200253
303
40324
40324
1269
303
1144340
32033
1144340
390235
287
40324
225991
1537702
69392
1144340
69392
40324
1661046
72274
1652545
303
2175006
1165852
1330531
1330531
40324
303
2202652
286
1378088
303
1478142
1775951
2056859
562
40324
303
136857
1833
621456
287
1969813
562
1005395
287
303
303
287
40324
1330531
40324
40324
1828
286
562
562
1144340
1403819
2067957
1144340
40324
69665
1144340
40324
286
287
1457173
303
287
1329909
40324
286
2045451
345167
287
40324
1144322
2498450
40324
1330531
562
287
1224
1969813
1218169
1330531
303
287
194
562
1144340
272161
77133
40324
225991
1176649
287
287
1735683
287
2530384
1144340
287
40324
562
1457173
1236
136857
287
40323
323620
303
562
287
40324
1871086
287
1118156
1378090
303
1351
286
1181886
2071712
40324
40324
48
40324
409
40324
286
303
306
1292034
1144340
1351
391601
40324
69392
469
1891238
1739367
1144340
225991
40324
510947
1144340
40324
562
40324
286
287
1236
573
286
225991
1144340
40324
80865
2213079
1280
70775
91347
562
237609
1144340
1144340
287
40214
303
287
286
225991
40324
40324
1661045
696406
303
40324
286
40324
180282
40324
40324
1241979
40324
262209
2306993
80865
80840
562
40324
2213079
69665
286
86188
49181
562
1144340
40324
40324
40323
1661046
59511
40324
1855728
1330531
1288410
225991
303
40324
1907403
303
306
1330531
303
28220
558537
1604334
197
294
162426
40324
40324
287
303
225991
1144340
40324
1378090
1736226
225991
1144340
287
1661039
713588
40324
40324
306
40324
1283291
80865
1144340
169292
766138
562
40324
1736343
562
286
303
76759
1871086
272161
294
1144340
40324
621
40324
303
287
350
1283291
1969813
1747
1330531
287
2511985
562
1144340
391
1179778
287
2100
1385519
59201
511
1119528
40323
1144340
40324
40323
390235
1390395
562
40323
40324
287
1330531
1661038
1144340
2561925
40324
1144340
2100
1457173
1144340
40324
2083051
180282
2479854
40324
562
303
40324
303
225991
303
2010998
1236
1661039
40324
40324
1144340
1144340
1330531
303
40324
287
1144340
40324
1144340
40324
40324
135621
40324
303
48
40323
1118156
1330531
40324
225991
40324
40324
287
303
286
287
40323
225991
40324
1144340
303
225991
2072413
303
303
2078786
70775
390235
1144340
1330531
86188
1144340
40324
191391
562
40324
40324
1330531
69392
70775
1330531
40324
40324
1144340
1144340
225991
286
135621
1218169
69392
303
1144340
40324
303
1144340
286
40324
1330531
286
1330531
1236
543
286
303
286
70775
287
70775
1144340
2078787
40324
40324
40324
2487129
1330531
286
562
40324
303
1144340
1751969
303
273677
40324
1330531
1144340
1144340
1144340
40324
1827145
1330531
150172
286
1144340
1144340
1236
287
1608357
40324
2559075
1397280
40323
40324
303
1330531
40324
2078786
40324
40324
390235
2448264
180282
2083051
40324
1833
306
40324
303
40324
1661048
225991
40324
69392
2049589
303
40324
180282
40324
1457173
287
40324
40324
1330531
1330531
2116542
1378088
1144340
40324
303
1661054
225991
70775
303
303
1276
562
303
70775
1661049
40324
562
40324
1330531
40323
1144340
2320270
286
1144340
70775
1330531
40324
303
287
1144340
40324
287
40324
2083051
1144340
1586081
1661059
40324
2213080
40324
1330531
225991
1330531
312306
40324
1457173
306
272161
390235
2116542
40324
1882399
286
303
286
303
69392
1144340
1236
299767
1581141
303
165695
31957
1330531
1330531
40324
40324
225991
433924
303
286
40324
1236
40324
1330531
1144340
40324
303
2009146
1224
1457173
303
40324
1144340
1144340
2175006
40324
287
136845
70775
1258920
40324
287
40324
1144340
287
1144340
1144340
1144340
543
1144340
303
1969813
1330531
157783
317
69392
303
40323
1144340
2083051
1144340
303
303
286
2202161
1330531
1457173
391601
208964
1144340
40324
40323
1144340
40324
40324
1661038
1144340
1330531
40324
40324
1144340
303
40324
1661039
32033
168469
70775
40324
287
286
303
40324
1330531
1236
40324
2219225
1144340
40324
1390395
286
1240676
40324
1144340
303
40324
562
1144340
303
2213015
78327
40324
2485138
303
1181886
1144340
40324
2219696
40324
1144340
1263636
40324
1144340
40324
225991
1144340
293
54067
1144340
40324
1236
312306
1236
1330531
1144340
1552750
1144340
1144340
176299
562
303
40324
187868
70775
1144340
40324
40324
287
40323
287
40324
40324
40324
470150
287
762836
225991
1330531
1833
40324
1144340
286
1118156
2078787
303
1661039
1913988
1241979
303
1144340
70775
76759
287
1844093
1587523
1933777
1330531
286
2070644
70775
40324
549
303
1457173
286
40324
303
2008975
286
40324
1144340
303
40323
40324
40324
287
1330531
303
40324
562
76759
390235
562
1661046
1895841
344610
40324
1144340
40324
40324
40324
543
136845
40324
287
40324
543
1144340
1144340
303
1144340
1144340
40324
1144340
303
521674
1330531
29442
40324
40324
40324
1144340
1144340
303
323620
69392
1981730
40324
197
303
40324
40323
40324
287
69392
562
1236
287
562
40324
562
40324
40324
40324
40324
1144340
286
303
40324
1751969
286
1330531
196159
1457173
40324
40324
40324
40324
1144340
40324
287
303
306
1661048
1144340
1144340
1144340
40324
1144340
40324
1457173
40324
1661046
303
562
225991
149539
40324
48
558537
2487930
286
32033
40324
1330531
13687
1907371
40324
40324
40324
312306
287
1330531
303
1144340
40324
1985172
562
1283291
1144340
1144340
40324
285
287
1661045
287
70775
1609637
40324
40324
306
1586081
225991
40324
2093744
287
291331
40323
78327
40324
1258920
1144340
40324
287
1739345
1330531
40324
2116542
2045451
288768
48467
1330531
2555782
70775
40324
303
40324
1144340
303
1236
306
286
2219696
286
40324
1118156
303
40324
1661039
294
1218169
40324
584
287
40324
1330531
306
1144340
86188
40324
287
487698
40324
1870902
2056855
2320867
40324
1255658
1144340
303
1144340
1144340
303
40324
76759
70775
1144340
1229204
78327
287
40324
287
40324
1144340
1144340
562
40324
40324
40324
287
303
1196325
1144340
40324
40324
80866
1144340
2078786
1661038
1144340
40324
287
40324
40324
59511
225991
562
40324
78327
287
69665
40323
40324
1118156
1610489
312306
384676
40324
40324
1330531
40324
287
944560
44249
40324
40324
40324
40324
1144340
1751969
1871071
562
1457173
91347
1236
562
306
2487134
40324
40324
319939
287
71999
40324
306
287
286
303
1330531
303
312306
303
40324
2175006
2282124
40324
303
303
316
1330531
286
287
562
40324
1296669
70775
303
287
40324
40324
1144340
78327
1131814
40324
2010998
1288410
1330531
40324
40324
40324
1118156
70775
136845
629263
40323
1144340
70775
40324
286
287
398578
287
287
40324
40324
303
150172
1144340
206936
286
225991
1144340
2135725
562
40324
1144340
1144340
1661039
2083056
558537
562
1144340
287
2631580
303
40324
40324
1330531
1144340
1330531
40324
287
2026779
40324
1144340
1871086
2032565
303
1330531
2530384
512012
225991
1144340
287
40324
40324
40324
1661055
303
69392
40324
303
1144340
1330531
1144340
40324
13687
1661056
1144340
40324
40324
1330531
286
306
1236
303
77133
1236
40324
1144340
69392
40324
40324
287
40324
1330531
624
32033
78327
225991
56458
48464
70775
550
40324
1144340
40324
1144340
303
303
1661038
1330531
32033
1330531
40324
40323
40324
40324
76759
40324
32033
287
1661046
1296669
306
40323
1296669
287
562
303
287
287
40324
543
225991
287
294
287
1330531
40323
303
40324
1144340
40323
69665
1330531
40324
40324
40324
40324
76759
287
1144340
1144340
136845
303
40323
487698
286
1000565
562
1258920
40324
2026763
40324
70775
40324
384676
1330531
562
40324
1144340
76978
40324
1236
225991
2116542
1843184
303
1313
225991
1144340
2563938
40324
158836
303
40324
40323
40324
1183154
562
286
40324
40324
2161823
40324
1985172
287
334542
225991
40324
303
40324
1834080
40324
40324
209769
316
40324
562
40324
40324
1661039
562
40324
40324
286
1661045
658612
1144340
40324
1144340
164330
1661045
1457173
1302243
1546029
1776083
2479854
470
1338689
303
287
135621
287
29448
40324
1144340
287
384676
2071716
287
1330531
287
1330531
690417
40324
2609267
287
562
40324
303
1457173
40324
225991
40324
1144340
80866
1472718
40324
1144340
286
1144340
303
287
54067
40324
1457173
41899
287
2530384
136841
573
562
303
1144340
136845
40324
40324
303
286
358
40324
1073999
80866
1144340
225991
40324
1144340
287
1768770
287
40324
40324
1736320
272161
303
384676
287
470
303
287
562
70775
303
40324
1457173
40324
1219039
40324
1236
1302243
2009146
306
1330531
1546029
562
86188
40324
303
40324
1603291
1236
40323
1144340
303
303
562
306
286
40324
1735689
550
40324
287
86188
1330531
2211160
40324
306
303
876364
40324
303
1203573
77133
1432555
1144340
1330531
1736463
69392
40324
40324
2597701
40324
1144340
287
1978525
390235
1196325
562
303
2183909
1144340
180282
272161
562
303
1661038
562
1144340
1546029
303
1330531
562
1330531
40323
1241979
303
390235
596309
2584951
40324
40324
562
1236
40324
165438
1882437
560405
1661039
656408
40324
40324
384676
303
1080187
1833
1575
1265489
1144340
180282
69665
40324
40324
303
1144340
1378090
69392
108980
40324
287
1954209
80865
29438
562
1836045
562
40324
40324
1330531
1196325
40324
287
470
56448
40324
40324
303
1330531
306
1144340
1397280
1144340
470
1457173
1118156
32033
40324
40324
868134
287
543
40324
1302243
1144340
1028989
2530384
287
69392
1661039
562
40324
40324
2530384
287
40324
225991
40324
225326
1457173
303
1882437
562
287
1330531
1926873
225991
469
469
1144331
40324
1144340
40324
1985172
154117
1330531
1144340
378211
1871086
1457173
40324
2479854
303
70775
40324
562
287
1330531
1161099
1891238
470
1219050
2508720
78327
1330531
287
1144340
260086
40324
354242
1144340
306
303
303
1661046
2201272
286
303
1144340
2006091
40324
40324
1330531
1144340
40324
562
1871053
40324
303
70775
40324
69392
287
2078787
76759
256466
1330531
1844093
1546029
303
303
287
40324
1144340
40324
306
1144340
286
948
1736226
40324
40324
2083051
1144340
40324
69392
303
287
40324
76759
287
1236
1144340
1330531
1144340
1661046
2594269
1144340
1144340
286
1330531
1546029
1144340
562
303
303
287
1144340
1144340
286
70775
303
306
1280
1144340
1134687
1241979
1262663
69392
1224
1144340
1330531
1457173
303
1330531
1265481
287
1144340
40324
1144340
69392
2213079
286
1378088
136845
40323
1144340
70775
287
1330531
1236
286
1546029
1457173
2083051
303
1144340
1388762
1118156
287
1144340
70775
225991
40324
1402545
287
40324
2025587
40324
390235
2213079
272161
287
40324
303
1330531
29533
303
53409
69392
225991
134375
623
